Pcp_File_Version=4
    2
    1  0.000000e+000  1.000000e+000  1.000000e+000
    2 -1.000000e+003  1.000000e+000  1.000000e+000
  101    0    0    1 x         h      Mat  Lay      Beta           Axz            Bxz            Dxz          Temp          Conc 
    1 -0.000000e+000  3.913000e-001    1    1  0.000000e+000  1.000000e+000  1.000000e+000  1.000000e+000              
    2 -1.000000e+001  3.913000e-001    1    1  0.000000e+000  1.000000e+000  1.000000e+000  1.000000e+000              
    3 -2.000000e+001  3.913000e-001    1    1  0.000000e+000  1.000000e+000  1.000000e+000  1.000000e+000              
    4 -3.000000e+001  3.913000e-001    1    1  0.000000e+000  1.000000e+000  1.000000e+000  1.000000e+000              
    5 -4.000000e+001  3.913000e-001    1    1  0.000000e+000  1.000000e+000  1.000000e+000  1.000000e+000              
    6 -5.000000e+001  3.913000e-001    1    1  0.000000e+000  1.000000e+000  1.000000e+000  1.000000e+000              
    7 -6.000000e+001  3.913000e-001    2    1  0.000000e+000  1.000000e+000  1.000000e+000  1.000000e+000              
    8 -7.000000e+001  3.913000e-001    2    1  0.000000e+000  1.000000e+000  1.000000e+000  1.000000e+000              
    9 -8.000000e+001  3.913000e-001    2    1  0.000000e+000  1.000000e+000  1.000000e+000  1.000000e+000              
   10 -9.000000e+001  3.913000e-001    2    1  0.000000e+000  1.000000e+000  1.000000e+000  1.000000e+000              
   11 -1.000000e+002  3.913000e-001    2    1  0.000000e+000  1.000000e+000  1.000000e+000  1.000000e+000              
   12 -1.100000e+002  3.913000e-001    2    1  0.000000e+000  1.000000e+000  1.000000e+000  1.000000e+000              
   13 -1.200000e+002  3.913000e-001    2    1  0.000000e+000  1.000000e+000  1.000000e+000  1.000000e+000              
   14 -1.300000e+002  3.913000e-001    2    1  0.000000e+000  1.000000e+000  1.000000e+000  1.000000e+000              
   15 -1.400000e+002  3.913000e-001    2    1  0.000000e+000  1.000000e+000  1.000000e+000  1.000000e+000              
   16 -1.500000e+002  3.913000e-001    2    1  0.000000e+000  1.000000e+000  1.000000e+000  1.000000e+000              
   17 -1.600000e+002  3.913000e-001    2    1  0.000000e+000  1.000000e+000  1.000000e+000  1.000000e+000              
   18 -1.700000e+002  3.913000e-001    2    1  0.000000e+000  1.000000e+000  1.000000e+000  1.000000e+000              
   19 -1.800000e+002  3.913000e-001    2    1  0.000000e+000  1.000000e+000  1.000000e+000  1.000000e+000              
   20 -1.900000e+002  3.913000e-001    2    1  0.000000e+000  1.000000e+000  1.000000e+000  1.000000e+000              
   21 -2.000000e+002  3.913000e-001    2    1  0.000000e+000  1.000000e+000  1.000000e+000  1.000000e+000              
   22 -2.100000e+002  3.935100e-001    2    1  0.000000e+000  1.000000e+000  1.000000e+000  1.000000e+000              
   23 -2.200000e+002  3.957200e-001    2    1  0.000000e+000  1.000000e+000  1.000000e+000  1.000000e+000              
   24 -2.300000e+002  3.979300e-001    2    1  0.000000e+000  1.000000e+000  1.000000e+000  1.000000e+000              
   25 -2.400000e+002  4.001400e-001    2    1  0.000000e+000  1.000000e+000  1.000000e+000  1.000000e+000              
   26 -2.500000e+002  4.023500e-001    2    1  0.000000e+000  1.000000e+000  1.000000e+000  1.000000e+000              
   27 -2.600000e+002  4.045600e-001    2    1  0.000000e+000  1.000000e+000  1.000000e+000  1.000000e+000              
   28 -2.700000e+002  4.067700e-001    2    1  0.000000e+000  1.000000e+000  1.000000e+000  1.000000e+000              
   29 -2.800000e+002  4.089800e-001    2    1  0.000000e+000  1.000000e+000  1.000000e+000  1.000000e+000              
   30 -2.900000e+002  4.111900e-001    2    1  0.000000e+000  1.000000e+000  1.000000e+000  1.000000e+000              
   31 -3.000000e+002  4.134000e-001    2    1  0.000000e+000  1.000000e+000  1.000000e+000  1.000000e+000              
   32 -3.100000e+002  4.156100e-001    2    1  0.000000e+000  1.000000e+000  1.000000e+000  1.000000e+000              
   33 -3.200000e+002  4.178200e-001    2    1  0.000000e+000  1.000000e+000  1.000000e+000  1.000000e+000              
   34 -3.300000e+002  4.200300e-001    2    1  0.000000e+000  1.000000e+000  1.000000e+000  1.000000e+000              
   35 -3.400000e+002  4.222400e-001    2    1  0.000000e+000  1.000000e+000  1.000000e+000  1.000000e+000              
   36 -3.500000e+002  4.244500e-001    2    1  0.000000e+000  1.000000e+000  1.000000e+000  1.000000e+000              
   37 -3.600000e+002  4.266600e-001    2    1  0.000000e+000  1.000000e+000  1.000000e+000  1.000000e+000              
   38 -3.700000e+002  4.288700e-001    2    1  0.000000e+000  1.000000e+000  1.000000e+000  1.000000e+000              
   39 -3.800000e+002  4.310800e-001    2    1  0.000000e+000  1.000000e+000  1.000000e+000  1.000000e+000              
   40 -3.900000e+002  4.332900e-001    2    1  0.000000e+000  1.000000e+000  1.000000e+000  1.000000e+000              
   41 -4.000000e+002  4.355000e-001    2    1  0.000000e+000  1.000000e+000  1.000000e+000  1.000000e+000              
   42 -4.100000e+002  4.372090e-001    2    1  0.000000e+000  1.000000e+000  1.000000e+000  1.000000e+000              
   43 -4.200000e+002  4.389170e-001    2    1  0.000000e+000  1.000000e+000  1.000000e+000  1.000000e+000              
   44 -4.300000e+002  4.406260e-001    2    1  0.000000e+000  1.000000e+000  1.000000e+000  1.000000e+000              
   45 -4.400000e+002  4.423340e-001    2    1  0.000000e+000  1.000000e+000  1.000000e+000  1.000000e+000              
   46 -4.500000e+002  4.440430e-001    2    1  0.000000e+000  1.000000e+000  1.000000e+000  1.000000e+000              
   47 -4.600000e+002  4.457510e-001    2    1  0.000000e+000  1.000000e+000  1.000000e+000  1.000000e+000              
   48 -4.700000e+002  4.474600e-001    2    1  0.000000e+000  1.000000e+000  1.000000e+000  1.000000e+000              
   49 -4.800000e+002  4.491690e-001    2    1  0.000000e+000  1.000000e+000  1.000000e+000  1.000000e+000              
   50 -4.900000e+002  4.508770e-001    2    1  0.000000e+000  1.000000e+000  1.000000e+000  1.000000e+000              
   51 -5.000000e+002  4.525860e-001    2    1  0.000000e+000  1.000000e+000  1.000000e+000  1.000000e+000              
   52 -5.100000e+002  4.542940e-001    2    1  0.000000e+000  1.000000e+000  1.000000e+000  1.000000e+000              
   53 -5.200000e+002  4.560030e-001    2    1  0.000000e+000  1.000000e+000  1.000000e+000  1.000000e+000              
   54 -5.300000e+002  4.577110e-001    2    1  0.000000e+000  1.000000e+000  1.000000e+000  1.000000e+000              
   55 -5.400000e+002  4.594200e-001    2    1  0.000000e+000  1.000000e+000  1.000000e+000  1.000000e+000              
   56 -5.500000e+002  4.611290e-001    2    1  0.000000e+000  1.000000e+000  1.000000e+000  1.000000e+000              
   57 -5.600000e+002  4.628370e-001    2    1  0.000000e+000  1.000000e+000  1.000000e+000  1.000000e+000              
   58 -5.700000e+002  4.645460e-001    2    1  0.000000e+000  1.000000e+000  1.000000e+000  1.000000e+000              
   59 -5.800000e+002  4.662540e-001    2    1  0.000000e+000  1.000000e+000  1.000000e+000  1.000000e+000              
   60 -5.900000e+002  4.679630e-001    2    1  0.000000e+000  1.000000e+000  1.000000e+000  1.000000e+000              
   61 -6.000000e+002  4.696710e-001    2    1  0.000000e+000  1.000000e+000  1.000000e+000  1.000000e+000              
   62 -6.100000e+002  4.713800e-001    2    1  0.000000e+000  1.000000e+000  1.000000e+000  1.000000e+000              
   63 -6.200000e+002  4.730890e-001    2    1  0.000000e+000  1.000000e+000  1.000000e+000  1.000000e+000              
   64 -6.300000e+002  4.747970e-001    2    1  0.000000e+000  1.000000e+000  1.000000e+000  1.000000e+000              
   65 -6.400000e+002  4.765060e-001    2    1  0.000000e+000  1.000000e+000  1.000000e+000  1.000000e+000              
   66 -6.500000e+002  4.782140e-001    2    1  0.000000e+000  1.000000e+000  1.000000e+000  1.000000e+000              
   67 -6.600000e+002  4.799230e-001    2    1  0.000000e+000  1.000000e+000  1.000000e+000  1.000000e+000              
   68 -6.700000e+002  4.816310e-001    2    1  0.000000e+000  1.000000e+000  1.000000e+000  1.000000e+000              
   69 -6.800000e+002  4.833400e-001    2    1  0.000000e+000  1.000000e+000  1.000000e+000  1.000000e+000              
   70 -6.900000e+002  4.850490e-001    2    1  0.000000e+000  1.000000e+000  1.000000e+000  1.000000e+000              
   71 -7.000000e+002  4.867570e-001    2    1  0.000000e+000  1.000000e+000  1.000000e+000  1.000000e+000              
   72 -7.100000e+002  4.884660e-001    2    1  0.000000e+000  1.000000e+000  1.000000e+000  1.000000e+000              
   73 -7.200000e+002  4.901740e-001    2    1  0.000000e+000  1.000000e+000  1.000000e+000  1.000000e+000              
   74 -7.300000e+002  4.918830e-001    2    1  0.000000e+000  1.000000e+000  1.000000e+000  1.000000e+000              
   75 -7.400000e+002  4.935910e-001    2    1  0.000000e+000  1.000000e+000  1.000000e+000  1.000000e+000              
   76 -7.500000e+002  4.953000e-001    2    1  0.000000e+000  1.000000e+000  1.000000e+000  1.000000e+000              
   77 -7.600000e+002  4.947420e-001    2    1  0.000000e+000  1.000000e+000  1.000000e+000  1.000000e+000              
   78 -7.700000e+002  4.941830e-001    2    1  0.000000e+000  1.000000e+000  1.000000e+000  1.000000e+000              
   79 -7.800000e+002  4.936250e-001    2    1  0.000000e+000  1.000000e+000  1.000000e+000  1.000000e+000              
   80 -7.900000e+002  4.930670e-001    2    1  0.000000e+000  1.000000e+000  1.000000e+000  1.000000e+000              
   81 -8.000000e+002  4.925080e-001    2    1  0.000000e+000  1.000000e+000  1.000000e+000  1.000000e+000              
   82 -8.100000e+002  4.919500e-001    2    1  0.000000e+000  1.000000e+000  1.000000e+000  1.000000e+000              
   83 -8.200000e+002  4.913920e-001    2    1  0.000000e+000  1.000000e+000  1.000000e+000  1.000000e+000              
   84 -8.300000e+002  4.908330e-001    2    1  0.000000e+000  1.000000e+000  1.000000e+000  1.000000e+000              
   85 -8.400000e+002  4.902750e-001    2    1  0.000000e+000  1.000000e+000  1.000000e+000  1.000000e+000              
   86 -8.500000e+002  4.897170e-001    2    1  0.000000e+000  1.000000e+000  1.000000e+000  1.000000e+000              
   87 -8.600000e+002  4.891580e-001    2    1  0.000000e+000  1.000000e+000  1.000000e+000  1.000000e+000              
   88 -8.700000e+002  4.886000e-001    2    1  0.000000e+000  1.000000e+000  1.000000e+000  1.000000e+000              
   89 -8.800000e+002  4.880420e-001    2    1  0.000000e+000  1.000000e+000  1.000000e+000  1.000000e+000              
   90 -8.900000e+002  4.874830e-001    2    1  0.000000e+000  1.000000e+000  1.000000e+000  1.000000e+000              
   91 -9.000000e+002  4.869250e-001    2    1  0.000000e+000  1.000000e+000  1.000000e+000  1.000000e+000              
   92 -9.100000e+002  4.863670e-001    2    1  0.000000e+000  1.000000e+000  1.000000e+000  1.000000e+000              
   93 -9.200000e+002  4.858080e-001    2    1  0.000000e+000  1.000000e+000  1.000000e+000  1.000000e+000              
   94 -9.300000e+002  4.852500e-001    2    1  0.000000e+000  1.000000e+000  1.000000e+000  1.000000e+000              
   95 -9.400000e+002  4.846920e-001    2    1  0.000000e+000  1.000000e+000  1.000000e+000  1.000000e+000              
   96 -9.500000e+002  4.841330e-001    2    1  0.000000e+000  1.000000e+000  1.000000e+000  1.000000e+000              
   97 -9.600000e+002  4.835750e-001    2    1  0.000000e+000  1.000000e+000  1.000000e+000  1.000000e+000              
   98 -9.700000e+002  4.830170e-001    2    1  0.000000e+000  1.000000e+000  1.000000e+000  1.000000e+000              
   99 -9.800000e+002  4.824580e-001    2    1  0.000000e+000  1.000000e+000  1.000000e+000  1.000000e+000              
  100 -9.900000e+002  4.819000e-001    2    1  0.000000e+000  1.000000e+000  1.000000e+000  1.000000e+000              
  101 -1.000000e+003  4.819000e-001    2    1  0.000000e+000  1.000000e+000  1.000000e+000  1.000000e+000              
    4
    1   31   52  101
